2500
2500
2500
2500
2500
2500
2500
2500
2500
2500
0
2500
0
2500
0
0
2500
2500
0
2500
2500
2500
2500
0
0
0
0
2500
2500
0
0
0
0
0
0
0
0
0
0
0
0
0
2500
2500
2500
2500
0
0
0
2500
2500
0
0
0
2500
0
0
2500
0
0
0
2500
0
2500
0
2500
0
0
0
0
2500
0
2500
2500
0
0
0
0
2500
0
0
0
0
0
0
0
0
0
0
0
0
0
0
0
2500
0
2500
0
0
2500
0
0
0
0
0
0
0
2500
2500
0
0
0
0
0
0
0
0
0
0
0
0
0
2500
0
2500
0
0
0
0
0
0
0
2500
0
2500
0
2500
0
0
0
0
0
0
0
0
2500
2500
2500
0
0
0
0
0
0
2500
2500
0
0
0
0
0
2500
135
292
2500
0
0
597
0
0
0
0
2500
0
0
0
2500
0
2500
0
2500
0
0
0
0
0
2500
0
0
0
2500
0
224
0
0
0
0
0
0
2500
0
0
0
0
2500
0
0
0
2500
33
2500
0
0
0
315
0
0
0
2500
0
0
0
2500
2500
0
1185
1744
1584
0
0
0
0
0
0
0
0
0
354
0
2500
0
2500
0
0
0
0
0
0
0
0
0
0
0
0
2500
0
0
0
0
0
2500
1051
0
0
0
0
0
0
0
2500
0
0
2500
0
0
0
2500
2500
0
2500
0
0
0
0
0
2500
0
0
0
0
0
0
0
2500
0
0
2500
0
0
0
0
0
0
0
0
264
0
0
651
0
2500
0
0
2500
0
0
0
1392
0
2500
0
0
2500
0
0
0
2522
2500
2500
0
0
2500
2500
0
0
0
0
0
0
0
0
2500
2500
0
0
100
0
2500
1532
0
0
0
0
2500
0
0
0
0
3623
2500
1032
0
0
486
0
0
0
0
0
2500
0
0
2500
0
0
0
0
538
0
0
0
0
0
0
0
0
0
0
0
0
0
0
296
0
0
1
0
0
0
0
0
302
0
2500
0
649
0
0
0
2500
0
0
0
0
0
0
0
0
0
2026
0
1162
0
0
0
0
2500
24
0
0
0
0
0
2500
73
0
0
0
0
0
0
0
0
0
0
0
0
0
0
0
0
0
0
0
153
0
0
0
0
522
7735
0
0
2500
7048
170
0
7399
0
10121
0
0
0
7354
3960
1905
0
0
4999
0
0
5134
0
6501
3209
3106
2558
2918
0
0
0
0
0
0
0
956
2500
4047
0
0
0
0
0
2227
2500
63
0
0
2500
2799
120
0
0
105
391
0
0
0
0
0
0
0
0
1064
0
0
0
0
682
2381
0
0
0
2281
2500
2500
0
0
0
0
0
0
2500
0
0
2500
46
0
0
0
472
0
0
2500
9
1
229
0
0
0
2500
0
127
2500
2500
0
0
0
0
2500
0
1
0
0
0
0
0
910
0
0
0
0
2500
645
0
1505
0
4589
0
2500
0
0
2500
2500
3023
0
0
0
4448
0
0
0
6211
0
0
0
0
2500
4256
0
0
0
0
0
0
2500
0
0
7088
3387
4716
179
0
2987
0
3662
0
0
0
3099
0
0
0
0
5248
0
2500
170
0
5358
0
0
0
0
0
2500
0
4127
0
0
0
0
2500
0
0
6058
909
2500
0
0
0
0
0
8663
0
0
2500
3689
3237
0
0
0
0
0
1330
0
0
0
0
0
0
0
8860
0
0
0
0
0
0
2730
2500
603
0
0
0
0
0
0
0
0
0
0
0
0
0
0
108
0
0
0
0
2500
0
0
0
6851
0
0
0
0
505
0
0
1685
0
0
0
0
0
0
0
0
0
0
0
0
0
0
2500
0
0
2500
4437
0
0
2500
3674
2509
0
0
0
0
0
0
0
0
0
2500
2972
0
3054
0
2975
2500
0
0
0
0
0
0
0
0
3867
0
0
2500
0
0
0
0
0
0
5351
0
2500
0
0
3366
0
0
0
0
8388
2500
0
0
6251
0
0
865
0
0
0
0
2500
1108
0
0
0
2306
3135
0
0
2500
0
0
683
0
0
0
0
2841
0
0
0
0
0
0
0
2649
0
3020
2500
873
2500
6726
0
0
0
562
0
4225
0
0
0
0
0
0
6702
0
0
0
0
0
0
0
0
0
0
5313
0
0
0
0
2734
0
1043
0
0
0
0
0
953
0
4403
6144
2500
2302
6282
0
0
0
0
5624
0
0
0
1083
810
4510
0
2500
0
0
0
1596
0
9683
1031
0
0
0
0
0
0
1
0
0
0
0
0
0
2500
0
0
6681
0
0
0
0
0
0
0
0
0
0
0
0
7627
0
0
0
0
0
0
0
0
0
3313
0
1543
0
7597
0
0
5182
0
3689
0
0
0
2500
0
0
712
0
0
2108
2500
0
0
0
0
0
0
7685
0
0
140
6668
6381
706
0
0
2500
0
0
0
0
0
2500
5040
0
4065
6224
0
0
0
390
3805
3572
0
3035
1459
90
0
838
2500
4250
0
129
0
5362
0
5842
0
3359
0
0
0
0
0
1006
0
0
0
0
0
0
0
0
4646
4940
169
0
0
4550
0
2500
2500
3825
138
0
3696
0
0
0
0
0
5411
0
0
0
0
5071
2500
0
0
3645
803
0
0
3434
0
0
0
0
0
0
0
0
0
0
0
0
0
4364
0
0
0
2500
2500
6471
3822
0
0
0
0
0
0
3388
0
3501
0
0
2500
0
0
0
0
0
0
0
0
0
2500
0
5481
2206
0
2459
0
0
0
0
0
0
736
0
0
3959
0
0
0
0
4472
0
0
0
0
463
0
0
0
0
4884
0
0
0
0
2500
7916
0
4859
5940
6821
